0 0 0 -2.32529 0.415525 -1.33372 0.294113 0 0 0 0 3779.81 1778.4 28983
0 0 1 -1.9508 0.163924 0.00925064 2.31328 -1.94155 0.167421 -2.33631 -0.00421206 3940.79 3962.92 38692
0 0 2 -1.8638 0.018245 1.23589 3.38566 -1.91504 -0.0107288 -3.41177 -1.27209 2676.01 2685.66 21770
0 0 3 -1.8633 -0.0711381 2.35435 4.40912 -1.8467 -0.0573516 -4.43004 -2.34924 1764.84 1799.23 13198
0 0 4 -1.87154 -0.127349 3.39074 5.45774 -1.85831 -0.122735 -5.41091 -3.39616 1128.63 1186.53 8218
0 0 5 -1.8177 -0.146753 4.39756 6.38804 -1.90483 -0.161773 -6.41451 -4.41341 717.98 698.964 4826
0 0 6 -1.82868 -0.184661 5.46774 7.42778 -1.81071 -0.152314 -7.37384 -5.47275 435.089 445.958 2808
0 0 7 -1.77961 -0.164038 6.4042 8.39303 -1.84643 -0.175963 -8.45788 -6.4557 240.266 232.017 1548
0 0 8 -1.67386 -0.201541 7.27396 9.38028 -1.81295 -0.228485 -9.42338 -7.46056 158.972 161.736 996
0 0 9 -1.90547 -0.155336 8.35474 10.2569 -1.69142 -0.203833 -10.3211 -8.42792 82.908 106.878 577
0 0 10 -1.71216 -0.226045 9.27593 11.6556 -1.92057 -0.217714 -11.3618 -9.47874 56.272 58.9409 388
0 0 11 -1.73809 -0.264081 10.4975 12.4657 -1.98611 -0.297731 -12.1917 -10.531 45.844 41.3687 249
0 0 12 -1.7247 -0.237693 11.6617 13.6168 -1.83035 -0.235242 -13.4726 -11.596 23.3897 30.7351 160
0 1 0 -0.926042 0.93419 -1.18112 1.16143 -3.28092 -0.969455 -1.01645 1.00411 20092.6 777.656 91189
0 1 1 -0.937071 0.910541 0.104952 2.28626 -3.37436 -0.304642 -2.24101 0.0628144 37359.3 459.129 153813
0 1 2 -0.937909 0.862676 1.27937 3.35236 -3.17625 -1.18874 -3.24139 -1.19952 25503.5 413.973 96874
0 1 3 -0.930104 0.820321 2.37074 4.38228 -3.10978 -1.24443 -4.32369 -2.28489 17578.3 296.34 63021
0 1 4 -0.927711 0.797933 3.39843 5.37569 -3.03782 -1.20609 -5.22971 -3.31837 11802 221.933 41046
0 1 5 -0.928593 0.749888 4.44015 6.40114 -3.2296 -1.3132 -6.4244 -4.37497 7536.71 119.669 25277
0 1 6 -0.942776 0.713199 5.41851 7.36892 -3.13206 -1.27389 -7.46739 -5.36755 4664.34 72.5294 15348
0 1 7 -0.946605 0.687027 6.40582 8.39764 -3.13736 -1.23081 -8.34214 -6.45117 2859.33 41.6061 9454
0 1 8 -0.886154 0.690132 7.42742 9.42086 -3.20217 -1.25136 -9.51815 -7.52513 1811.14 21.8621 5776
0 1 9 -0.857848 0.718725 8.47342 10.4244 -2.98442 -1.31903 -14.6543 -8.16528 1213.32 3.2387 3767
0 1 10 -0.899974 0.739056 9.41801 11.4194 -3.09606 -1.24812 -11.3225 -9.40362 748.086 9.87041 2489
0 1 11 -0.879103 0.689912 10.4108 12.3952 -2.72168 -1.36183 -12.3042 -10.6132 491.395 9.56752 1552
0 1 12 -0.879154 0.685814 11.513 13.405 -2.90352 -1.36544 -13.0798 -11.7985 289.106 8.11823 872
0 1 13 -0.946653 0.665247 12.4992 14.331 -2.41175 -1.54319 -14.2588 -12.9233 163.245 6.03461 489
0 1 14 -0.889528 0.588857 13.5508 15.2285 -2.84769 -1.81967 -14.7778 -13.85 86.6842 3.14511 218
0 2 0 -0.0113696 2.06307 -1.06439 1.05174 -4.36534 -2.29543 -0.874762 0.918611 4360.8 248.107 20064
0 2 1 -0.0509292 1.85144 0.0815123 2.21187 -4.503 -2.31995 -2.10526 -0.00828902 8082.94 180.218 33583
0 2 2 -0.0813827 1.68787 1.26063 3.28915 -4.48351 -2.43202 -3.2901 -1.0566 7176.72 84.8974 26146
0 2 3 -0.0982463 1.65377 2.30258 4.32126 -4.40439 -2.31241 -4.37334 -2.20433 5551.98 54.435 19883
0 2 4 -0.106257 1.59698 3.35922 5.31502 -4.1868 -2.24505 -5.24159 -3.39472 4220.13 55.2124 14256
0 2 5 -0.11865 1.53832 4.40322 6.32694 -4.12084 -2.39296 -6.23857 -4.24381 2878.7 33.9453 9293
0 2 6 -0.142006 1.53629 5.42406 7.37141 -5.47797 -2.2859 -9.73378 -5.24542 1699.38 6.49115 5647
0 2 7 -0.144318 1.47523 6.40383 8.35983 -4.21172 -2.52358 -7.99419 -6.20472 1121.9 17.5446 3607
0 2 8 -0.144532 1.42366 7.42837 9.39608 -3.90497 -2.43898 -9.10638 -7.39881 739.527 11.5848 2311
0 2 9 -0.133039 1.413 8.40009 10.3093 -3.89283 -2.44169 -10.1754 -8.52473 511.902 5.42728 1524
0 2 10 -0.170159 1.2671 9.46683 11.4375 -3.43639 -2.39862 -11.317 -9.94002 343.185 6.99797 982
0 2 11 -0.129747 1.34273 10.4519 12.3069 -3.33511 -2.45614 -11.8706 -10.6931 226.252 4.83081 623
0 2 12 -0.0991017 1.34553 11.4013 13.3324 -3.76898 -2.84421 -14.0823 -11.3437 129.047 2.36916 366
0 2 13 -0.130868 1.28936 12.4395 14.4639 -3.55249 -2.54572 -14.3644 -12.9893 68.5216 2.16706 200
0 3 0 0.924955 3.24116 -0.935098 0.944007 -5.56451 -3.33299 -0.902057 0.892234 769.923 89.9102 3711
0 3 1 0.92176 3.18254 0.0184536 2.07262 -5.59875 -3.39781 -2.02571 -0.0486851 770.669 79.0565 3923
0 3 2 0.930488 2.96315 1.10857 3.10902 -8.06991 -3.34309 -4.83214 -1.11156 530.713 7.9038 2297
0 3 3 0.98618 2.95409 2.22489 4.26625 -8.04474 -3.38231 -5.67879 -2.21111 397.54 6.30883 1699
0 3 4 1.0013 2.92055 3.29529 5.25273 -5.36503 -3.52974 -4.89338 -3.32432 297.325 21.5301 1179
0 3 5 0.973123 2.82333 4.37183 6.29501 -8.96017 -3.41192 -13.631 -4.16327 197.287 1.04704 757
0 3 6 0.892907 2.69603 5.37586 7.26655 -5.1543 -3.35273 -7.07563 -5.67427 135.518 9.90234 487
0 3 7 0.892991 2.82821 6.32877 8.57441 -6.81236 -3.42296 -10.1951 -6.36041 57.5268 1.38491 268
0 3 8 0.919035 2.66918 7.40673 9.34104 -8.39954 -3.47519 -18.6621 -7.5465 42.832 0.237499 158
0 4 0 1.92661 4.44316 -0.834179 0.985535 -8.65884 -4.44303 -0.71164 1.00687 231.035 23.1886 1226
0 4 1 1.97139 4.4479 0.0209808 1.96487 -7.96494 -4.54044 -2.13724 -0.094223 217.696 21.4398 1198
0 4 2 1.93124 4.05318 1.14791 3.12441 -10.3176 -4.50994 -4.9159 -1.20018 130.186 2.59504 602
0 4 3 1.89867 4.67173 2.18109 4.55509 -6.17963 -4.58358 -3.93767 -2.18574 62.2792 16.0935 455
0 4 4 1.99361 5.53554 3.30313 5.99819 -6.51464 -4.78411 -5.30835 -3.42851 29.7516 8.60714 312
0 4 5 1.92539 6.97646 4.29589 9.74732 -5.75549 -4.7977 -5.84935 -4.22488 6.60963 16.7105 208
0 4 6 2.08844 3.95715 5.32986 7.21297 -6.09113 -4.76423 -6.9021 -5.37298 38.3632 7.88568 151
0 5 0 3.04603 5.79777 -0.982165 0.945266 -8.24683 -5.48974 -1.06133 0.724967 75.6064 14.6193 473
0 5 1 2.96338 7.80061 0.0352383 2.03031 -17.1475 -5.49445 -3.8104 -0.0232061 42.4843 1.994 498
0 5 2 2.97763 5.63811 1.09464 3.14154 -7.32413 -5.56645 -2.94691 -1.38442 30.6661 12.0159 200
0 5 3 3.06225 5.08396 2.23447 4.3229 -7.61894 -5.76357 -4.2274 -2.10935 33.395 8.9064 176
0 6 0 4.11073 6.53536 -0.889246 0.954835 -8.57143 -6.78933 -0.85512 0.623171 41.1521 14.4242 222
0 6 1 4.00445 6.75843 0.0883818 2.0868 -37.239 -6.57076 -6.83274 -0.0939369 32.8875 0.22258 227
0 6 2 3.96969 7.26994 1.30289 3.04459 -17.3979 -6.60416 -6.09964 -1.32174 13.5698 0.465375 102
0 7 0 5.03347 16.2608 -2.04986 1.09979 -9.26134 -7.61817 -0.842826 0.890247 2.43197 7.72542 108
0 7 1 5.1882 12.2887 0.10732 3.39552 -9.39153 -7.54529 -1.73726 -0.0392755 3.46926 7.33679 104


1 0 0 -0.313041 1.07872 -1.058 -0.101964 -0.279042 1.07594 0.0740051 1.03945 19949.9 20249.8 53035
1 0 1 -0.726455 0.990912 0.222508 1.67871 -0.750352 0.994694 -1.73618 -0.283189 7014.08 6846.28 34900
1 0 2 -1.28123 0.613666 1.1677 2.97671 -1.33362 0.650331 -3.07115 -1.21001 102.687 104.539 738
1 1 0 0.224629 1.46675 -0.993053 0.998306 -2.49615 -0.442103 -1.19171 0.995183 55881.6 228.407 139249
1 1 1 0.178498 1.51792 0.213687 1.5149 -2.4378 -0.29847 -2.13528 0.0927766 61512.2 254.272 108420
1 1 2 -0.305897 1.69955 1.19202 3.06299 -2.42792 -0.379449 -2.99834 -1.17325 219.876 116.085 1259
1 1 3 -0.306243 1.69266 2.1715 4.51217 -2.39743 -0.373697 -4.14358 -2.20868 22.6555 24.0059 200
1 2 0 0.793698 2.81409 -1.07374 1.03273 -3.58456 -1.55378 -1.01599 0.995636 1173.67 147.118 5596
1 2 1 0.766039 2.74894 0.0290712 1.88356 -3.62483 -1.50762 -2.08545 0.027295 1534.84 155.149 6338
1 2 2 0.836402 2.98756 1.07357 2.96516 -3.50393 -1.58278 -3.06994 -1.07081 123.123 74.467 787
1 2 3 0.823293 2.80686 2.07364 4.32907 -7.4465 -1.49453 -8.77971 -2.29417 19.67 1.8652 160
1 3 0 1.87717 3.90567 -1.02825 1.05699 -4.68859 -2.66756 -1.04468 0.826271 153.194 89.1241 985
1 3 1 1.9069 3.83788 0.0627239 2.14419 -4.65369 -2.62324 -2.22697 -0.00942151 228.151 85.5057 1302
1 3 2 1.84081 4.68873 1.0777 3.42354 -4.64156 -2.59191 -3.03641 -1.11713 45.6533 50.0783 502
1 3 3 1.9412 4.27846 2.13262 4.0609 -4.47887 -2.49972 -4.13841 -2.46992 16.8631 18.4727 137
1 4 0 3.03889 5.13433 -0.763369 1.09115 -5.67604 -3.53382 -0.908673 1.09735 61.245 51.427 459
1 4 1 2.88441 5.02716 -0.0299931 2.10432 -5.7896 -3.51501 -2.13097 -0.0532548 94.8988 62.4211 729
1 4 2 2.76958 5.06035 1.02205 3.11069 -5.42637 -3.59645 -2.9048 -1.05517 34.9037 38.704 298
1 5 0 4.17311 6.15634 -0.993498 1.02534 -6.80656 -4.83312 -0.945572 0.911498 45.9562 35.7453 315
1 5 1 4.11381 6.54275 0.226129 2.16129 -6.92057 -4.76435 -1.90084 -0.110904 47.6556 47.9339 409
1 5 2 3.93419 10.6104 1.04157 6.30673 -6.79502 -4.77642 -2.8338 -1.07896 2.73106 25.6892 187
1 6 0 5.04046 7.24335 -0.955232 0.898206 -7.72248 -5.64119 -0.924475 0.9261 28.656 26.7423 220
1 6 1 5.00434 7.17892 -0.0546773 2.00133 -7.78997 -5.78344 -1.84849 0.00685851 32.208 37.8746 285
1 6 2 5.15897 7.01697 1.25081 3.08321 -15.3862 -5.91621 -6.66355 -1.13439 22.029 1.18409 137
1 7 0 6.03179 7.99262 -1.14957 0.774638 -8.92255 -7.11763 -1.04341 0.967725 17.4925 14.8763 120
1 7 1 5.95243 8.11635 0.09422 1.82616 -8.91255 -6.91318 -2.05032 -0.132787 27.2161 21.1275 183
1 8 1 6.84598 8.93105 0.176807 2.05454 -10.1698 -7.84763 -1.91304 -0.136419 13.7924 15.7553 119


